0.1 0.5 0 0
0.1322723431 0.5001040242 -0.0117479526 0.01274313964
0.1660637557 0.5004065228 -0.02130922539 0.02988097225
0.2104420652 0.5010613913 -0.03127766664 0.0582844864
0.2681657871 0.5023079129 -0.0415169537 0.1052451663
0.341997325 0.5045087602 -0.05187024046 0.1818117551
0.4360653022 0.5082569939 -0.06237642578 0.3061884646
0.5558060693 0.5145235092 -0.07318067505 0.507977429
0.7078592309 0.5248781161 -0.08453979917 0.834377496
0.900235874 0.5418518054 -0.09691772787 1.359863781
1.1423207 0.5695016403 -0.1111313796 2.200034975
1.444824653 0.6142980801 -0.1285897984 3.531355286
1.820238532 0.6865912048 -0.1516914551 5.623085919
2.287093512 0.8037337519 -0.1846459383 8.921265659
2.77264197 0.9577523917 -0.2251184905 13.21929123
3.258190428 1.139499465 -0.2714055584 18.50597696
3.574618449 1.26613483 -0.3032790164 22.57177399
3.883148635 1.387945587 -0.3338303678 27.09913764
4.19167882 1.499014283 -0.3617005721 32.29044434
4.445441862 1.575109191 -0.3808840028 37.15418132
4.699204904 1.631603241 -0.3952837664 42.65135266
4.952967946 1.664342039 -0.4038906178 48.88385991
5 1.667595563 -0.4047993979 50.12833434
0.1 0.5 0 0
0.1322723431 0.5001040242 -0.0117479526 0.01274313964
0.1660637557 0.5004065228 -0.02130922539 0.02988097225
0.2104420652 0.5010613913 -0.03127766664 0.0582844864
0.2681657871 0.5023079129 -0.0415169537 0.1052451663
0.341997325 0.5045087602 -0.05187024046 0.1818117551
0.4360653022 0.5082569939 -0.06237642578 0.3061884646
0.5558060693 0.5145235092 -0.07318067505 0.507977429
0.7078592309 0.5248781161 -0.08453979917 0.834377496
0.900235874 0.5418518054 -0.09691772787 1.359863781
1.1423207 0.5695016403 -0.1111313796 2.200034975
1.444824653 0.6142980801 -0.1285897984 3.531355286
1.820238532 0.6865912048 -0.1516914551 5.623085919
2.287093512 0.8037337519 -0.1846459383 8.921265659
2.77264197 0.9577523917 -0.2251184905 13.21929123
3.258190428 1.139499465 -0.2714055584 18.50597696
3.574618449 1.26613483 -0.3032790164 22.57177399
3.883148635 1.387945587 -0.3338303678 27.09913764
4.19167882 1.499014283 -0.3617005721 32.29044434
4.445441862 1.575109191 -0.3808840028 37.15418132
4.699204904 1.631603241 -0.3952837664 42.65135266
4.952967946 1.664342039 -0.4038906178 48.88385991
5 1.667595563 -0.4047993979 50.12833434
0.1 0.5 0 0
0.1322723431 0.5001040242 -0.0117479526 0.01274313964
0.1660637557 0.5004065228 -0.02130922539 0.02988097225
0.2104420652 0.5010613913 -0.03127766664 0.0582844864
0.2681657871 0.5023079129 -0.0415169537 0.1052451663
0.341997325 0.5045087602 -0.05187024046 0.1818117551
0.4360653022 0.5082569939 -0.06237642578 0.3061884646
0.5558060693 0.5145235092 -0.07318067505 0.507977429
0.7078592309 0.5248781161 -0.08453979917 0.834377496
0.900235874 0.5418518054 -0.09691772787 1.359863781
1.1423207 0.5695016403 -0.1111313796 2.200034975
1.444824653 0.6142980801 -0.1285897984 3.531355286
1.820238532 0.6865912048 -0.1516914551 5.623085919
2.287093512 0.8037337519 -0.1846459383 8.921265659
2.77264197 0.9577523917 -0.2251184905 13.21929123
3.258190428 1.139499465 -0.2714055584 18.50597696
3.574618449 1.26613483 -0.3032790164 22.57177399
3.883148635 1.387945587 -0.3338303678 27.09913764
4.19167882 1.499014283 -0.3617005721 32.29044434
4.445441862 1.575109191 -0.3808840028 37.15418132
4.699204904 1.631603241 -0.3952837664 42.65135266
4.952967946 1.664342039 -0.4038906178 48.88385991
5 1.667595563 -0.4047993979 50.12833434
